0.193 0.517
0.254 0.793
0.06 0.522
0.333 0.531
0.279 0.556
0.234 0.475
0.364 0.753
0.0 0.0
0.112 1.0
0.351 0.621
0.0 0.0
0.136 0.47
0.025 0.5
0.661 0.748
0.611 1.0
0.492 0.724
0.359 0.532
0.49 0.606
0.444 0.659
0.668 0.969
0.1 0.642
0.181 0.566
0.208 0.703
0.557 0.782
0.211 0.629
0.25 0.739
0.525 0.812
0.629 0.972
0.263 0.449
0.653 0.834
0.119 0.208
0.1 1.0
0.274 0.419
0.028 0.727
0.164 0.376
0.466 0.551
0.533 0.771
0.279 0.553
0.642 0.812
0.349 0.629
0.0 0.0
0.863 0.902
0.685 0.975
0.611 0.672
0.454 0.529
0.288 0.708
0.76 0.883
0.86 0.904
0.033 0.725
0.218 0.241
